29 27
25 22
26 -18
-19 -5
43 20
46 -39
-32 10
24 45
-41 -25
-43 22
-31 2
-40 -8
31 6
28 -17
16 -23
-46 -13
47 -48
-49 -45
-21 -14
-10 50
-23 26
-2 34
24 -30
36 -15
-4 -40
-6 6
27 44
-40 -23
16 -18
41 -31
5 48
29 15
16 9
-35 -34
9 18
15 24
36 -43
-6 -6
-47 -23
19 10
20 -7
38 6
33 -1
10 -48
42 25
-11 48
-5 -30
-5 -21
47 33
-33 -35
-45 19
26 28
-5 21
21 19
-1 17
-27 -12
13 -20
-1 -39
-40 -28
33 -33
49 -38
-26 34
-22 18
-22 15
13 -35
-3 -30
-41 4
5 -50
17 -41
-39 -38
28 41
3 -25
1 -49
-16 -36
21 -17
-32 25
-50 -50
-34 43
-6 43
-1 27
-7 -45
-44 -16
-31 -48
-21 -41
26 -2
-5 -49
-39 21
-11 -43
9 50
-18 -23
-16 -37
44 -21
48 23
-31 -41
-13 12
7 25
10 -16
20 22
34 -31
-44 -1
